16	11	1	4	5	8	14	1	2	4	0	5	15	3	11	6	10	9	4	11	10	15	0	6	15	13	5	3	2	8	9	1	7	9	7	0	2	14	9	0	0	16	10	1	8	0	5	14	11	4	8	6	8	7	0	9	8	11	1	12	11	15	13	10
15	5	2	13	14	5	6	13	13	1	1	2	8	0	7	1	14	7	2	8	3	12	16	14	5	11	14	5	14	3	3	5	2	3	9	4	10	8	2	12	5	10	11	6	15	8	4	11	8	6	10	10	16	16	8	3	9	8	9	3	1	6	5	13
15	13	13	8	16	6	12	0	13	12	13	1	14	9	3	15	8	12	11	7	7	8	6	2	9	9	14	9	1	2	1	10	10	3	4	6	8	5	15	4	11	6	8	6	10	13	1	7	2	10	11	14	10	10	6	5	2	14	12	16	1	11	16	15
16	11	4	13	16	13	6	10	16	8	12	4	13	13	11	9	8	7	12	16	14	11	15	13	1	12	15	12	3	3	6	16	8	6	7	8	11	14	9	14	14	11	13	14	2	11	16	0	4	8	5	2	14	10	16	4	6	1	0	5	3	2	3	15
14	0	14	0	15	0	10	10	6	8	5	8	16	3	16	1	2	7	8	11	15	3	11	15	4	7	0	0	6	11	10	1	16	12	4	0	7	14	0	11	13	6	3	16	0	16	12	10	2	0	14	16	0	1	5	9	8	15	0	14	7	14	4	10
14	7	12	8	4	15	6	6	12	16	0	3	7	4	15	1	9	9	14	6	14	0	7	11	9	10	2	2	3	7	1	14	5	1	7	1	3	0	1	16	5	11	15	3	12	2	12	3	8	12	2	4	5	4	9	8	1	14	0	9	7	14	2	10
0	14	0	13	15	9	16	8	16	1	14	0	11	12	14	14	4	0	14	7	6	6	12	9	15	15	6	6	11	1	10	11	8	12	16	11	4	7	7	9	8	8	6	0	12	7	9	2	14	1	13	0	2	5	1	5	6	10	12	5	3	10	5	14
8	3	14	11	13	3	4	9	7	13	7	14	3	4	10	7	7	7	16	0	16	14	16	2	15	1	10	11	2	12	10	9	12	3	3	4	9	16	0	1	9	7	13	7	15	16	10	15	12	15	2	15	13	11	6	3	0	13	4	4	8	8	0	11
6	16	2	3	4	5	4	10	12	3	6	9	6	5	6	2	13	5	5	14	10	15	13	9	14	12	7	0	5	13	15	7	11	1	3	4	3	7	7	1	5	9	12	2	15	2	0	16	13	8	8	3	10	0	0	15	13	3	7	10	9	2	2	3
9	13	9	10	14	1	12	4	5	1	10	12	9	8	4	1	7	8	16	10	3	6	1	11	7	12	2	2	9	14	8	1	14	16	10	16	10	7	14	4	9	14	9	12	6	15	8	11	7	1	8	4	8	16	4	4	7	6	13	13	1	8	9	11
5	3	6	4	8	8	15	11	15	15	12	15	3	3	10	4	10	8	1	10	6	10	1	10	6	4	0	10	11	12	15	7	12	6	6	5	6	0	2	7	13	11	3	16	4	5	11	13	14	16	15	4	3	7	7	12	9	6	5	2	10	1	15	1
5	9	16	2	15	15	1	3	2	10	11	10	5	12	13	12	12	15	14	8	16	15	16	13	7	7	9	2	13	2	4	9	13	10	9	5	7	2	0	6	0	1	5	2	7	15	15	5	0	3	14	13	14	16	2	13	1	0	16	11	13	13	6	1
12	7	14	8	2	9	11	10	15	10	1	4	9	7	7	2	4	0	9	1	2	11	15	6	15	2	10	15	12	0	5	12	7	13	16	2	13	10	9	13	11	3	5	6	8	9	7	5	4	6	16	9	14	2	12	8	4	8	5	9	5	15	7	4
7	3	13	4	10	7	6	10	11	5	2	3	2	16	9	3	9	4	13	1	0	14	15	14	7	14	16	14	7	14	6	8	9	11	3	0	13	0	0	4	12	0	2	11	6	10	2	0	3	10	8	8	12	5	16	14	8	15	1	8	8	13	13	3
1	1	7	1	11	3	5	13	5	9	6	12	4	6	8	6	10	3	11	8	16	12	0	11	6	1	0	9	0	1	10	7	10	11	3	12	2	7	6	15	15	5	11	11	13	0	16	9	15	0	7	13	10	3	15	12	2	16	12	12	10	5	11	11
14	16	5	2	14	11	10	0	16	8	6	16	4	12	14	16	7	13	14	9	1	10	1	0	12	2	16	11	5	13	3	4	15	2	11	15	2	16	3	16	15	14	15	1	15	9	1	0	4	7	7	6	12	10	16	13	4	9	10	16	1	5	0	0
14	16	15	9	9	5	16	13	10	8	0	12	12	6	0	5	3	6	5	11	7	1	7	4	6	16	0	2	4	12	0	1	16	3	3	2	0	2	9	6	2	9	8	2	15	2	5	15	10	13	1	15	7	12	8	2	11	1	7	3	6	2	16	1
9	10	16	16	16	15	6	7	7	6	4	12	7	6	10	16	0	15	12	10	4	0	11	3	1	2	9	5	2	12	4	11	9	13	13	11	3	2	3	15	6	2	10	6	12	13	9	15	6	0	12	13	13	10	16	0	6	3	15	13	8	13	10	10
1	10	6	3	5	8	14	2	3	3	6	9	1	14	16	4	12	1	1	5	3	6	12	1	14	12	11	7	13	14	10	6	15	4	10	1	8	3	15	16	14	10	16	14	15	1	2	4	7	16	15	7	11	5	12	12	2	9	6	10	7	3	1	4
14	8	1	1	8	5	8	9	14	13	7	4	10	3	13	13	10	11	10	4	4	11	16	9	2	14	5	11	13	9	14	7	4	7	1	6	3	1	14	0	15	4	13	8	8	4	9	0	11	15	8	15	16	5	1	2	6	9	7	11	13	6	2	7
6	8	13	13	7	7	1	9	12	10	8	9	15	5	9	10	7	0	13	16	7	3	3	15	2	15	6	9	0	1	0	5	1	5	16	16	8	7	8	1	15	5	13	7	0	7	15	4	0	11	2	12	15	13	16	8	6	16	12	14	0	0	15	10
13	7	6	15	4	13	10	12	11	16	10	16	3	4	6	12	0	13	12	11	0	2	6	15	6	16	2	0	7	2	3	16	4	1	11	13	14	2	13	12	3	1	8	2	4	5	7	5	13	10	1	13	11	12	5	15	5	11	0	11	12	13	10	10
0	5	7	1	6	15	5	0	6	9	0	8	15	4	0	1	0	11	2	14	9	0	15	5	6	0	16	5	13	6	11	8	13	13	1	13	13	8	16	13	12	11	11	1	9	6	14	14	4	13	7	1	6	14	5	14	13	7	5	4	12	14	16	2
8	16	6	12	2	13	2	8	14	1	7	8	8	10	5	7	14	8	12	16	10	0	6	3	13	16	14	14	16	14	3	8	3	8	13	12	6	10	6	16	10	16	3	11	15	11	4	1	12	9	10	7	16	12	14	10	15	2	0	13	13	7	8	6
4	5	14	5	2	6	9	2	3	11	12	9	9	8	10	13	14	10	9	2	16	4	11	11	3	2	12	7	7	3	12	10	4	15	16	5	0	11	6	11	11	4	6	12	15	3	2	10	9	3	8	10	13	9	11	4	14	1	2	16	3	3	6	12
7	9	11	14	8	9	13	15	2	1	16	12	7	14	1	9	14	10	9	0	1	10	8	2	5	9	10	16	15	16	0	7	8	0	16	15	8	11	5	4	7	16	0	6	8	4	7	8	3	14	14	13	11	8	4	5	6	2	3	11	4	15	4	16
8	0	6	5	11	8	4	3	10	8	1	2	1	15	8	5	5	6	12	14	1	0	6	11	13	5	6	3	5	1	15	9	11	14	5	13	1	13	4	7	7	7	4	1	14	16	1	0	8	9	7	4	10	6	16	4	5	2	11	0	6	13	7	3
1	9	12	2	2	14	16	2	1	7	2	16	2	1	2	4	15	16	13	10	16	5	3	11	13	13	9	14	8	15	7	10	2	3	6	13	15	7	3	16	16	3	3	14	0	16	9	0	14	16	11	16	3	1	16	10	14	0	13	7	14	4	2	11
5	1	2	9	8	9	15	12	9	12	3	12	5	7	14	8	9	11	3	2	13	13	11	1	5	2	15	4	4	13	3	12	14	1	2	8	8	6	9	13	13	0	9	14	4	13	14	9	2	7	0	11	13	2	3	1	2	6	15	1	14	12	4	7
15	12	13	7	1	5	16	4	1	7	3	7	3	15	1	11	12	2	15	9	2	1	14	8	3	8	1	5	2	11	10	5	12	4	14	14	4	2	15	2	9	15	16	6	10	5	15	4	14	15	8	3	11	14	0	7	4	2	10	10	14	3	3	13
