588	600	1021	1110	1705	1776	1907	1932	2350	2651	2974	3275	3618
61	155	197	333	402	457	459	522	525	543	549	577	643	664	733	745	807	885	936	947	1043	1092	1133	1148	1188	1191	1213	1269	1279	1280	1340	1390	1517	1543	1547	1598	2075	2135	2149	2187	2194	2199	2202	2207	2242	2280	2477	2493	2495	2497	2509	2510	2544	2594	2687	2877	2949	2986	3071	3073	3148	3154	3157	3441	3448	3477	3543	3769
5	125	471	575	771	1002	1305	1326	1535	1633	1731	1874	1876	1886	2189	2601	2698	2733	2745	2747	2893	3575	3698




304	330	357	364	372	385	852	862	892	1012	1632	1643	1655	1722	1811	1821	1863	2084	2102	2716	3067	3310
305	718	963	1173	1808	1827	1831	1851	2066	2099	2261	2395	2816	2832	3335
0	1	14	15	22	25	26	27	31	33	45	56	62	64	72	83	95	98	102	103	113	116	122	124	126	134	141	142	154	158	159	160	161	165	182	184	189	193	194	215	217	220	223	235	253	262	266	267	269	270	286	289	290	293	294	310	326	337	347	354	374	381	386	389	395	400	406	411	415	423	435	437	438	440	443	448	451	464	466	472	473	475	478	489	490	496	498	499	503	505	512	515	521	540	560	565	576	589	592	594	596	604	607	609	616	619	620	630	636	638	649	656	677	679	685	698	700	714	715	717	722	734	738	740	754	758	764	773	778	782	783	812	824	825	826	831	836	847	853	855	858	860	865	867	868	871	876	877	878	886	888	898	905	906	909	912	926	929	952	964	971	975	981	991	993	1000	1014	1020	1024	1025	1029	1037	1038	1042	1045	1057	1065	1066	1067	1069	1076	1080	1083	1086	1087	1093	1094	1096	1102	1103	1105	1107	1111	1114	1127	1143	1144	1146	1151	1153	1156	1158	1169	1170	1174	1176	1181	1182	1192	1198	1203	1205	1211	1218	1221	1231	1239	1240	1260	1262	1264	1267	1274	1284	1295	1297	1302	1304	1310	1322	1332	1337	1341	1342	1345	1346	1355	1363	1364	1382	1387	1397	1406	1407	1415	1420	1429	1431	1439	1444	1448	1457	1459	1460	1462	1466	1467	1472	1473	1475	1484	1485	1488	1499	1500	1503	1507	1508	1509	1512	1513	1518	1521	1529	1530	1538	1540	1546	1550	1552	1584	1589	1593	1597	1605	1606	1608	1610	1611	1612	1613	1615	1624	1625	1635	1645	1647	1648	1649	1651	1660	1664	1668	1670	1672	1674	1676	1682	1684	1685	1688	1693	1697	1700	1714	1715	1718	1738	1739	1745	1753	1754	1757	1758	1760	1761	1764	1765	1769	1770	1772	1782	1785	1790	1791	1803	1804	1805	1806	1809	1816	1819	1826	1828	1829	1832	1837	1838	1845	1848	1849	1850	1853	1855	1856	1861	1864	1873	1880	1881	1882	1885	1891	1897	1905	1916	1917	1918	1922	1930	1934	1942	1944	1948	1951	1952	1977	1982	1985	1987	1996	1997	1999	2003	2014	2019	2022	2029	2030	2033	2035	2037	2038	2048	2055	2065	2069	2073	2081	2082	2085	2097	2103	2104	2106	2108	2118	2120	2122	2123	2134	2136	2140	2143	2144	2145	2147	2148	2151	2152	2154	2159	2165	2171	2174	2176	2182	2185	2190	2191	2195	2201	2223	2225	2226	2227	2235	2255	2257	2266	2271	2276	2287	2289	2290	2291	2297	2301	2303	2304	2306	2311	2315	2317	2325	2331	2336	2340	2344	2348	2357	2368	2371	2374	2375	2383	2384	2389	2394	2397	2404	2409	2416	2417	2420	2421	2422	2425	2426	2437	2440	2441	2446	2448	2452	2456	2462	2476	2482	2485	2500	2501	2502	2517	2518	2528	2533	2534	2536	2546	2551	2553	2554	2555	2568	2571	2573	2574	2579	2580	2581	2596	2598	2607	2609	2612	2613	2626	2627	2634	2642	2648	2652	2662	2669	2672	2681	2700	2706	2707	2714	2718	2724	2728	2730	2735	2736	2738	2741	2742	2757	2761	2762	2764	2767	2772	2773	2780	2789	2798	2801	2820	2823	2825	2826	2831	2836	2842	2843	2849	2850	2851	2855	2857	2859	2874	2890	2894	2901	2903	2905	2910	2912	2915	2921	2923	2930	2932	2934	2937	2942	2954	2955	2961	2964	2966	2967	2968	2971	2977	2979	2982	2985	2988	2989	2991	2996	3009	3013	3014	3026	3031	3034	3035	3051	3055	3057	3058	3066	3069	3074	3075	3077	3082	3084	3085	3089	3091	3093	3094	3095	3101	3102	3106	3113	3115	3118	3119	3121	3124	3129	3142	3155	3160	3167	3171	3174	3181	3187	3189	3197	3201	3202	3210	3212	3213	3218	3219	3220	3223	3227	3229	3233	3242	3252	3254	3260	3263	3269	3271	3285	3299	3314	3315	3317	3318	3338	3344	3346	3350	3363	3367	3373	3374	3384	3389	3395	3397	3399	3404	3409	3415	3425	3428	3434	3435	3438	3440	3443	3444	3449	3450	3454	3455	3456	3460	3464	3467	3468	3470	3473	3482	3488	3493	3494	3497	3511	3514	3519	3524	3534	3537	3538	3540	3545	3547	3552	3557	3558	3559	3570	3573	3579	3580	3585	3595	3622	3627	3629	3631	3633	3644	3654	3669	3672	3673	3677	3679	3683	3687	3688	3705	3710	3711	3713	3721	3726	3727	3736	3739	3744	3757	3759	3760	3761	3764	3766	3767	3768	3771	3775	3776	3777	3778	3780	3787	3790	3791	3792	3801	3803	3807	3809	3820	3821

8	29	47	48	50	55	59	65	68	71	73	82	85	86	104	105	107	108	128	132	144	157	170	172	175	177	181	188	191	192	195	221	224	230	233	248	276	278	279	280	285	292	301	302	316	318	321	322	332	338	342	358	366	367	378	390	405	426	428	432	436	450	461	468	497	511	519	523	531	533	536	553	556	569	571	579	580	582	584	591	595	603	617	618	624	625	631	639	640	642	650	651	687	699	701	709	712	719	721	737	739	749	765	767	768	770	776	777	784	785	786	792	801	805	810	813	815	830	838	845	854	859	872	883	887	893	899	902	916	922	925	937	939	940	942	943	962	965	968	978	983	988	995	1001	1004	1005	1009	1018	1032	1064	1070	1071	1077	1088	1113	1115	1123	1132	1141	1145	1161	1180	1183	1185	1190	1197	1201	1210	1219	1220	1226	1227	1237	1238	1243	1244	1246	1248	1249	1251	1255	1263	1265	1266	1268	1276	1294	1296	1307	1317	1328	1331	1333	1336	1339	1349	1356	1371	1380	1384	1391	1409	1410	1433	1438	1445	1446	1451	1454	1455	1458	1470	1471	1483	1506	1514	1537	1545	1548	1555	1556	1559	1561	1562	1565	1569	1570	1578	1590	1604	1629	1636	1642	1654	1665	1669	1690	1696	1698	1702	1713	1717	1730	1732	1737	1746	1752	1755	1773	1774	1775	1779	1780	1781	1783	1786	1788	1794	1795	1798	1799	1802	1812	1846	1859	1879	1899	1906	1912	1914	1919	1925	1959	1962	1964	1970	1972	1975	1979	1980	1993	2009	2011	2012	2020	2026	2043	2049	2051	2052	2063	2076	2083	2086	2094	2107	2112	2113	2128	2141	2146	2150	2155	2168	2177	2183	2193	2196	2219	2222	2224	2230	2233	2238	2258	2282	2292	2318	2319	2343	2346	2349	2353	2360	2364	2377	2380	2390	2401	2403	2407	2408	2412	2431	2442	2458	2468	2504	2507	2513	2520	2522	2531	2535	2538	2539	2543	2578	2620	2623	2631	2632	2660	2661	2670	2675	2676	2679	2689	2690	2705	2726	2739	2746	2749	2754	2756	2758	2763	2788	2791	2800	2815	2819	2844	2845	2848	2854	2856	2858	2861	2866	2869	2891	2897	2902	2908	2911	2916	2938	2940	2941	2957	2959	2963	2975	2983	2990	3003	3004	3015	3018	3024	3040	3044	3049	3054	3063	3090	3096	3098	3100	3105	3107	3123	3126	3132	3138	3139	3145	3150	3151	3152	3162	3164	3172	3180	3182	3184	3193	3196	3215	3232	3234	3250	3251	3265	3268	3274	3276	3287	3304	3319	3320	3322	3325	3329	3331	3333	3334	3341	3347	3352	3357	3366	3379	3383	3412	3426	3433	3447	3452	3461	3465	3466	3471	3478	3480	3483	3485	3489	3492	3495	3498	3499	3501	3502	3506	3517	3525	3529	3532	3539	3541	3546	3554	3561	3566	3572	3582	3583	3591	3596	3614	3617	3624	3625	3628	3635	3637	3647	3650	3666	3667	3675	3684	3700	3701	3709	3733	3735	3793	3802	3804	3816
4	561	598	817	823	1888	2246	2363
3	16	736	791	1159	1374	1667	2175	2212	2595	2666
645	1347	1357	1393	1495	1704	1842	1890	2600	2608	2611	2625	2629	2636	2645	2785	3429	3556	3568	3571

822	2702	3279	3510	3649
152	166	198	210	239	249	291	303	313	325	328	334	365	370	384	407	444	445	462	470	477	480	482	493	501	504	508	538	601	611	612	621	628	633	648	689	703	732	742	744	747	769	794	800	848	890	897	923	930	941	951	974	1078	1085	1100	1209	1217	1230	1256	1286	1309	1313	1352	1395	1398	1402	1419	1423	1426	1428	1436	1440	1481	1492	1505	1527	1558	1560	1572	1577	1587	1630	1673	1681	1692	1694	1711	1712	1721	1723	1726	1740	1763	1852	1865	1892	2010	2017	2021	2059	2061	2062	2070	2089	2092	2105	2114	2115	2119	2130	2156	2161	2166	2180	2213	2231	2237	2239	2254	2283	2310	2354	2362	2370	2379	2411	2418	2427	2486	2514	2572	2587	2593	2599	2622	2628	2635	2743	2755	2759	2783	2786	2810	2821	2878	2879	2899	2919	2994	3027	3037	3038	3059	3078	3079	3083	3110	3130	3178	3190	3235	3253	3259	3270	3277	3293	3307	3321	3336	3355	3369	3405	3414	3462	3472	3476	3479	3505	3560	3581	3587	3593	3597	3598	3605	3657	3691	3692	3703	3720	3732	3734	3746	3788
298	1147	1683

9	54	58	92	111	149	162	203	264	268	271	299	350	355	392	394	398	408	479	558	590	597	632	634	670	680	684	705	710	711	746	774	796	798	811	833	843	882	884	901	903	921	956	1008	1031	1047	1162	1168	1316	1320	1367	1375	1381	1389	1424	1449	1463	1478	1482	1487	1489	1494	1501	1536	1563	1619	1703	1743	1749	1839	1840	1866	1935	1941	1949	2007	2053	2057	2067	2131	2179	2268	2356	2369	2414	2447	2464	2474	2541	2549	2582	2590	2618	2633	2740	2793	2811	2824	2846	3029	3032	3097	3141	3176	3206	3207	3249	3306	3343	3358	3391	3394	3486	3500	3513	3528	3550	3584	3601	3606	3626	3652	3697	3742	3762	3763	3781
288
476	615	657	3297
78	204	250	329	353	362	412	433	452	463	583	760	762	863	864	900	955	998	1109	1152	1193	1199	1204	1311	1360	1602	1969	1992	2079	2158	2211	2307	2483	2484	2577	2592	2717	2802	2920	3109	3245	3305	3385	3590	3741
66	99	129	136	140	164	174	183	200	246	306	324	340	388	414	524	547	608	627	644	686	695	704	713	775	779	849	861	960	970	1051	1056	1098	1117	1154	1215	1222	1319	1330	1401	1413	1447	1452	1477	1480	1486	1511	1524	1534	1592	1677	1679	1686	1687	1710	1716	1751	1759	1767	1789	1823	1867	1868	1909	1927	1933	1936	1957	1961	1968	1986	2046	2186	2210	2252	2262	2270	2345	2413	2444	2471	2478	2492	2508	2545	2566	2569	2602	2656	2664	2704	2711	2719	2765	2766	2771	2777	2778	2914	2945	2953	2999	3011	3064	3161	3243	3292	3303	3323	3364	3398	3457	3474	3521	3564	3576	3594	3604	3607	3608	3634	3640	3676	3699	3750	3814
2	10	12	13	17	18	20	21	24	30	32	36	37	40	41	49	51	60	63	70	74	75	76	77	79	80	84	87	88	90	91	93	97	101	106	110	112	114	115	117	118	119	120	123	131	135	137	139	145	150	153	156	163	169	173	178	179	180	185	187	190	196	199	202	206	209	218	219	228	231	232	234	236	238	243	244	247	252	254	259	260	263	265	275	281	287	295	300	308	311	312	315	317	320	327	331	335	336	344	345	349	361	363	369	371	375	376	379	380	382	383	387	391	393	396	397	399	401	404	409	410	413	416	418	419	420	421	422	424	425	427	429	434	439	441	442	446	447	449	453	454	455	456	474	485	488	491	492	494	507	509	513	514	517	518	520	526	529	530	532	534	535	537	539	542	544	545	546	548	551	554	555	557	559	562	564	566	568	570	572	574	581	593	605	613	622	626	629	635	641	646	652	653	655	660	662	663	665	666	667	668	671	672	673	674	675	676	678	681	683	688	691	693	694	696	697	702	706	707	708	716	720	724	725	726	730	735	751	753	755	756	757	759	761	763	772	780	781	787	788	793	797	799	802	803	804	806	808	809	814	816	820	821	827	832	837	840	842	846	850	851	857	866	869	880	881	889	891	894	895	896	907	908	910	911	914	915	917	919	927	932	933	934	935	945	946	954	957	958	959	966	969	972	973	976	977	980	982	986	989	992	994	997	999	1003	1006	1007	1010	1011	1016	1017	1019	1028	1033	1035	1036	1040	1044	1046	1048	1049	1050	1052	1053	1054	1055	1058	1060	1061	1063	1068	1072	1073	1074	1075	1081	1084	1089	1090	1091	1095	1097	1099	1101	1104	1106	1112	1116	1118	1119	1120	1121	1122	1124	1125	1126	1128	1129	1131	1134	1135	1136	1137	1138	1139	1140	1142	1149	1150	1155	1157	1160	1163	1164	1165	1166	1167	1171	1172	1177	1178	1184	1186	1187	1189	1194	1195	1196	1200	1202	1206	1207	1208	1212	1214	1223	1224	1225	1228	1229	1233	1234	1235	1236	1242	1245	1247	1252	1253	1254	1258	1259	1261	1271	1272	1273	1275	1277	1281	1283	1285	1287	1288	1290	1291	1292	1293	1298	1299	1300	1301	1303	1312	1314	1315	1318	1324	1325	1327	1329	1334	1338	1344	1348	1351	1354	1358	1362	1365	1366	1368	1369	1370	1372	1373	1376	1377	1378	1383	1385	1386	1388	1392	1394	1396	1399	1400	1403	1404	1405	1408	1411	1412	1414	1416	1417	1422	1425	1427	1434	1437	1441	1443	1453	1456	1461	1464	1465	1468	1469	1474	1491	1493	1497	1502	1504	1510	1515	1516	1519	1520	1522	1528	1531	1532	1533	1539	1542	1544	1549	1551	1557	1564	1566	1567	1568	1571	1573	1574	1575	1576	1582	1583	1586	1588	1591	1594	1595	1596	1599	1600	1601	1607	1609	1614	1616	1617	1618	1620	1621	1622	1634	1638	1639	1644	1646	1652	1663	1671	1678	1680	1720	1724	1725	1727	1728	1733	1734	1735	1736	1741	1742	1744	1747	1748	1750	1762	1766	1777	1778	1787	1792	1793	1796	1797	1801	1810	1813	1814	1815	1817	1818	1822	1825	1830	1834	1836	1843	1844	1854	1858	1860	1862	1869	1870	1872	1877	1878	1887	1889	1896	1898	1901	1902	1904	1908	1910	1911	1915	1921	1923	1924	1926	1928	1931	1938	1939	1945	1946	1947	1950	1953	1954	1955	1960	1965	1967	1973	1974	1978	1981	1983	1984	1988	1989	1990	1994	1995	1998	2000	2001	2002	2004	2005	2008	2018	2024	2025	2027	2034	2040	2045	2047	2050	2058	2064	2068	2071	2072	2074	2078	2093	2095	2096	2101	2109	2110	2116	2117	2125	2127	2129	2132	2133	2142	2153	2164	2172	2173	2178	2188	2197	2198	2203	2204	2205	2208	2209	2214	2215	2216	2217	2218	2220	2221	2228	2229	2236	2240	2243	2244	2247	2249	2253	2256	2259	2260	2264	2265	2267	2269	2272	2273	2275	2277	2279	2281	2284	2285	2286	2288	2293	2294	2295	2296	2298	2299	2300	2302	2305	2312	2313	2314	2321	2322	2324	2329	2330	2333	2334	2335	2337	2338	2339	2342	2347	2351	2352	2355	2358	2359	2366	2367	2372	2376	2378	2381	2386	2392	2410	2419	2424	2428	2432	2433	2434	2443	2449	2450	2451	2454	2455	2457	2459	2460	2461	2463	2466	2467	2469	2472	2473	2475	2479	2480	2487	2488	2489	2490	2491	2494	2496	2498	2499	2503	2505	2506	2511	2512	2515	2521	2524	2525	2526	2527	2529	2530	2532	2537	2542	2547	2550	2552	2557	2559	2560	2561	2562	2563	2564	2565	2567	2570	2575	2576	2583	2584	2586	2603	2605	2606	2610	2614	2615	2616	2619	2621	2624	2630	2638	2639	2640	2647	2649	2650	2654	2655	2658	2659	2663	2665	2667	2668	2674	2678	2680	2682	2683	2684	2685	2686	2688	2691	2696	2699	2701	2703	2708	2709	2710	2712	2713	2715	2720	2721	2722	2723	2729	2734	2748	2750	2751	2753	2760	2768	2774	2781	2782	2784	2787	2790	2792	2794	2795	2797	2803	2804	2805	2806	2807	2809	2812	2817	2818	2822	2827	2828	2829	2834	2835	2847	2860	2862	2863	2864	2867	2868	2870	2875	2876	2882	2883	2884	2886	2887	2888	2889	2892	2895	2896	2900	2906	2907	2909	2913	2917	2918	2924	2925	2926	2927	2928	2929	2931	2933	2935	2936	2939	2944	2947	2948	2950	2958	2960	2965	2969	2972	2973	2976	2978	2980	2992	2997	3000	3001	3005	3007	3012	3016	3017	3020	3021	3023	3033	3039	3042	3043	3046	3047	3053	3056	3060	3065	3072	3076	3080	3081	3086	3087	3088	3092	3099	3108	3122	3125	3128	3131	3134	3136	3137	3140	3143	3144	3147	3149	3153	3156	3158	3163	3166	3168	3169	3173	3177	3183	3185	3188	3192	3194	3198	3203	3204	3205	3208	3209	3211	3214	3216	3221	3222	3225	3226	3230	3231	3236	3237	3238	3240	3241	3244	3246	3247	3248	3255	3256	3257	3258	3264	3266	3267	3273	3278	3280	3283	3284	3290	3294	3295	3296	3298	3300	3301	3302	3308	3311	3324	3339	3342	3345	3353	3356	3359	3361	3365	3368	3370	3376	3377	3380	3382	3387	3388	3390	3392	3396	3402	3403	3406	3410	3411	3413	3416	3417	3419	3420	3421	3422	3423	3424	3430	3431	3432	3436	3437	3439	3442	3445	3446	3451	3453	3458	3463	3469	3475	3484	3487	3490	3491	3503	3512	3515	3516	3518	3520	3522	3523	3526	3530	3535	3536	3542	3544	3548	3549	3551	3555	3563	3565	3567	3569	3574	3586	3588	3589	3592	3599	3602	3603	3609	3610	3611	3613	3623	3630	3632	3636	3638	3639	3642	3643	3645	3646	3648	3651	3653	3655	3656	3659	3660	3661	3663	3664	3665	3668	3670	3671	3674	3680	3685	3689	3693	3694	3695	3696	3706	3715	3717	3718	3722	3723	3724	3725	3729	3730	3737	3738	3740	3743	3745	3747	3751	3754	3755	3774	3786	3795	3799	3800	3806	3810	3815	3817
7	11	19	28	34	35	39	42	46	52	53	57	67	69	81	89	94	96	100	109	121	127	133	138	143	146	147	148	151	167	168	186	201	207	208	211	212	213	214	216	222	225	226	227	237	241	242	245	251	255	256	257	261	272	273	274	282	283	284	296	307	319	323	339	341	343	352	356	359	368	373	377	417	430	431	465	467	469	481	483	484	487	495	500	502	506	510	516	527	528	541	550	552	563	567	573	578	585	586	587	599	602	606	610	614	637	647	654	658	659	661	669	692	723	727	728	729	731	741	743	748	750	752	766	789	790	795	819	828	829	834	835	841	844	856	870	874	875	879	904	913	918	920	924	928	931	938	944	948	949	950	961	967	979	984	985	987	990	996	1013	1015	1022	1023	1026	1027	1030	1034	1039	1041	1059	1062	1079	1130	1175	1179	1216	1232	1250	1257	1270	1278	1282	1289	1308	1321	1343	1350	1359	1361	1379	1430	1432	1442	1450	1476	1496	1498	1523	1525	1526	1541	1553	1554	1579	1580	1581	1585	1603	1626	1627	1628	1637	1641	1656	1658	1659	1661	1662	1675	1691	1695	1699	1706	1708	1719	1756	1768	1771	1800	1824	1833	1835	1847	1857	1883	1884	1893	1903	1913	1929	1937	1940	1943	1956	1958	1963	1966	1971	1976	1991	2006	2013	2015	2023	2028	2031	2032	2036	2039	2041	2044	2054	2056	2060	2080	2087	2098	2111	2121	2124	2126	2137	2138	2139	2157	2160	2169	2170	2181	2184	2192	2200	2206	2232	2234	2241	2245	2248	2250	2251	2263	2278	2308	2309	2316	2327	2332	2361	2365	2373	2382	2385	2387	2388	2391	2393	2396	2398	2399	2400	2405	2406	2415	2423	2430	2435	2436	2439	2445	2453	2465	2470	2516	2519	2523	2540	2548	2556	2558	2588	2589	2591	2604	2617	2637	2641	2643	2644	2653	2657	2671	2673	2677	2692	2693	2694	2695	2697	2725	2775	2799	2808	2814	2830	2837	2838	2839	2840	2852	2853	2865	2871	2872	2873	2880	2881	2885	2898	2904	2922	2943	2946	2951	2952	2962	2970	2984	2987	2993	2998	3002	3006	3008	3010	3019	3025	3030	3036	3041	3045	3048	3050	3061	3062	3068	3070	3103	3104	3114	3116	3117	3120	3127	3133	3135	3146	3159	3165	3170	3175	3179	3186	3191	3195	3199	3200	3217	3224	3228	3239	3261	3262	3282	3286	3288	3289	3309	3312	3313	3316	3326	3327	3330	3337	3340	3348	3349	3351	3360	3362	3371	3372	3381	3386	3393	3400	3407	3408	3418	3427	3459	3481	3496	3504	3507	3508	3509	3527	3531	3553	3577	3612	3615	3616	3619	3620	3621	3641	3658	3662	3682	3702	3704	3712	3714	3716	3731	3748	3749	3752	3753	3756	3758	3765	3772	3782	3784	3785	3789	3796	3797	3798	3805	3808	3812	3813	3819	3822

6	23	38	43	44	130	171	176	205	229	240	258	277	297	309	314	346	348	351	360	403	458	460	486	623	682	690	818	839	873	953	1082	1108	1241	1306	1323	1335	1353	1418	1421	1435	1479	1490	1623	1631	1640	1650	1653	1657	1666	1689	1701	1707	1709	1729	1784	1807	1820	1841	1871	1875	1894	1895	1900	1920	2016	2042	2077	2088	2090	2091	2100	2162	2163	2167	2274	2320	2323	2326	2328	2341	2402	2429	2438	2481	2585	2597	2646	2727	2731	2732	2737	2744	2752	2769	2770	2776	2779	2796	2813	2833	2841	2956	2981	2995	3022	3028	3052	3111	3112	3272	3281	3291	3328	3332	3354	3375	3378	3401	3533	3562	3578	3600	3678	3681	3686	3690	3707	3708	3719	3728	3770	3773	3779	3783	3794	3811	3818

